76561199813494379
76561198844152105
76561199152154396
76561199604773079
76561199816481559
76561199241207530
76561199114755550
76561199357640439
76561199604773079
76561198068090429
76561199241207530
76561198806213901
76561199039411022
76561198339321484
76561198992821799
76561198856201031
76561198992821799
76561198426759416
76561199029438087
76561199390970480
76561199062189284
76561199137708636
76561198868197596
76561199807176131
76561198450405274
76561199006212918
76561199486308595
76561198435775338
76561198806213901
76561199486308595
76561199789646290
76561199273042989
76561199357640439
76561199159988011
76561198112918049
76561199294816351
76561198334331732
76561199237152962
76561199810753329
76561199093333818
76561199173846303
76561199728847581
76561199667863944
76561198308983776
76561199465836064
76561199201813004
76561199114755550
76561198985378281
76561199091668336
76561199464030488
76561199816481559
76561199770684714
76561199748097506
76561199564437585
76561199816481559
76561199572544238
76561199748097506
76561198044084296
76561198806213901
76561199477157799
76561199142639969
76561199726745253
76561199438498110
76561198085062577
76561199465836064
76561198837412785
76561198410127523
76561198894545951
76561199748097506
76561199422335210
76561199109196849
76561199186313258
76561199808012712
76561199778231129
76561199228170059
76561198975326626
76561199630778953
76561199401577167
76561199486308595
76561199289724199
76561199289724199
76561199001381348
76561198953733214
76561199001381348
76561198186641413
76561198368753599
76561199165908177
76561198339321484
76561198964587064
76561199667863944
76561199811156128
76561199808205319
76561198983169195
76561199454171792
76561199808205319
76561199357640439
76561199489793442
76561199572544238
76561199628483676
76561199604773079
76561199467935112
76561199029438087
76561198386799929
76561198419262215
76561199401577167
76561198868197596
76561199159988011
76561198167056556
76561198450701881
76561199630778953
76561199703444228
76561199703444228
76561199802802099
76561198209810775
76561199778231129
76561199817001964
76561199518765880
76561199489793442
76561198435775338
76561199249668215
76561198889039840
76561198868197596
76561198118407378
76561198118407378
76561199500648291
76561198080774669
76561199081432588
76561199572764853
76561199376984473
76561199000039578
76561199814782532
76561199159988011
76561199797395504
76561199804868884
76561198290067310
76561199201380766
76561199363061424
76561199454171792
76561198889039840
76561199201813004
76561199789646290
76561199800707402
76561199199307780
76561199697830128
76561199213775578
76561199486701471
76561199810753329
76561199118988523
76561198002125282
76561198112918049
76561198844152105
76561199213775578
76561199533144259
76561199085610035
76561199800940426
76561199803469479
76561199357640439
76561199802802099
76561199480937005
76561199512958799
76561199144505364
76561199512958799
76561199118988523
76561199554448755
76561199237152962
76561199213775578
76561199376163011
76561199199307780
76561198894545951
76561199756283413
76561199357640439
76561199756283413
76561199697269502
76561199533144259
76561199789646290
76561199604773079
76561198080774669
76561199697269502
76561199797395504
76561199148450297
76561199789646290
76561199464030488
76561199464030488
76561199575573480
76561199808205319
76561198112918049
76561199400625839
76561199464030488
76561199800940426
76561199810753329
76561198080774669
76561199628483676
76561199803701783
76561199144505364
76561199243336612
76561198816696246
76561199810753329
76561199164016449
76561199278825847
76561198118407378
76561198112918049
76561199784351084
76561199810753329
76561199604773079
76561199357640439
76561199587879494
76561198118407378
76561198118407378
76561199357640439
76561199800940426
76561199357640439
76561199357640439
76561199801269928
76561199514453654
76561198450405274
76561198450405274
76561199130808306
76561198115520400
76561199152154396
76561199808012712
76561199489793442
76561198975326626
76561198975326626
76561199628483676
76561199085620956
76561199822304051
76561199222301712
76561199800940426
76561199222301712
76561198067191069
76561198118407378
76561198044084296
76561199680633474
76561199165766056
76561199662254238
76561199680633474
76561198985378281
76561199222301712
76561199199307780
76561199404552946
76561198985378281
76561198806488913
76561199215663286
76561199641505655
76561199333883233
76561199085620956
76561198856201031
76561198339321484
76561199793157274
76561199822953277
76561199628483676
76561199549693808
76561199075322289
76561199404552946
76561199519727051
76561199823068238
76561199587879494
76561199705919920
76561199513244874
76561199705919920
76561199513244874
76561199134745537
76561199703444228
76561198837412785
76561199422335210
76561198804574297
76561199379782003
76561199641505655
76561199623637566
76561199801269928
76561199087784119
76561199675681312
76561199106247435
76561198144586421
76561198145813080
76561199195970727
76561198894545951
76561199542632980
76561199174984890
76561199321559731
76561199209050534
76561198169931641
76561199654615934
76561199035833151
76561199822769837
76561198449166880
76561199382612120
76561199640638910
